v2.0 raw
6 8 14*0 6 8 6 c 8
11*0 6 8 6 c 10 11*0 6
8 6 8 12*0 6 8 6 c
8 11*0 6 8 6 9 12*0 6
8 6 c 8 11*0 6 8 6
8 12*0 6 8 6 8 12*0 6
8 6 8 12*0 6 8 6 8
12*0 6 8 4 8 12*0 6 8
84 8 12*0 6 8 24 8 12*0
6 8 4 10 12*0 6 8 84
10 12*0 6 8 24 10 12*0 6
8 6 8 12*0 6 8 6 8
12*0 6 8 6 48 12*0 6 8
14*0 6 8 14*0 6 8 40 13*0
6 8 14*0 6 8 14*0 6 8
40 13*0 6 8 80 13*0 6 8
80 13*0 6 8 c0 13*0 6 8
20 13*0 6 8 20 13*0 6 8
20 13*0 6 8 14*0 6 8 14*0
6 8 80 13*0 6 8 20 13*0
6 8 14*0 6 8 14*0 6 8
80 13*0 6 8 20 13*0 6 8
14*0 6 8 14*0 6 8 80 13*0
6 8 20 40 12*0 6 8 14*0
6 8 14*0 6 8 14*0 6 8
14*0 6 8 14*0 6 8 14*0 6
8 14*0 6 8 14*0 6 8 14*0
6 8 14*0 6 8 14*0 6 8
14*0 6 8 14*0 6 8 14*0 6
8 14*0 6 8 14*0 6 8 14*0
6 8 14*0 6 8 14*0 6 8
3070*0 6 8
