v2.0 raw
80 40 20 13*0 80 40 80 0
0 20 10*0 80 40 80 0 0
20 10*0 80 40 80 0 20 11*0
80 40 80 0 0 0 20 9*0
80 40 80 0 20 11*0 80 40
80 0 0 0 20 9*0 80 40
80 0 0 20 10*0 80 40 80
0 0 20 10*0 80 40 80 4
20 11*0 80 40 80 8 20 11*0
80 40 0 0 20 11*0 80 40
0 0 20 11*0 80 40 0 0
20 11*0 80 40 0 0 20 11*0
80 40 0 0 20 11*0 80 40
0 0 20 11*0 80 40 80 0
20 11*0 80 40 80 0 20 11*0
80 40 80 0 20 11*0 80 40
0 20 12*0 80 40 0 20 12*0
80 40 0 20 12*0 80 40 0
20 12*0 80 40 0 20 12*0 80
40 0 20 12*0 80 40 0 20
12*0 80 40 0 20 12*0 80 40
0 20 12*0 80 40 0 20 12*0
80 40 0 20 12*0 80 40 0
20 12*0 80 40 0 0 20 11*0
80 40 0 0 20 11*0 80 40
0 0 20 11*0 80 40 0 0
20 11*0 80 40 0 0 20 11*0
80 40 0 0 20 11*0 80 40
0 0 20 11*0 80 40 0 0
20 11*0 80 40 0 2 20 11*0
80 40 0 2 20 11*0 80 40
0 2 20 11*0 80 40 0 2
20 11*0 80 40 14*0 80 40 14*0
80 40 14*0 80 40 14*0 80 40
14*0 80 40 14*0 80 40 14*0 80
40 14*0 80 40 14*0 80 40 14*0
80 40 14*0 80 40 14*0 80 40
14*0 80 40 14*0 80 40 14*0 80
40 14*0 80 40 14*0 80 40 14*0
80 40 14*0 80 40 3070*0 80 40
10
